301357
301141
001337
301439
688506
688507
600925
001366
603282
001311
301157
001360
301322
603125
688486
301345
688535
001260
301203
688478
688469
688352
688249
688146
603172
603137
600991
600899
600878
600852
600849
600842
600840
600813
600849
600799
600788
600786
600772
600762
600752
600709
600700
600672
600670
600669
600659
600646
600632
600631
600627
600625
600607
600591
600553
600472
600357
600296
600286
600263
600205
600181
600102
600092
600065
600003
600002
600001
301360
301325
301307
301293
000956
000866
000832
000827
000817
000805
000787
000769
000765
000763
000730
000699
000689
000675
000660
000658
000653
000621
000618
000588
000583
000578
000569
000556
000549
000542
000535
000515
000508
000412
000406
000405
000047
000015
000013
000003
688502
001225
601065
603281
301303
688343
001286
603190
001328
301419
301246
688485
301408
301281
603307
603162
001368
603073
301358
603065
601061
301386
603173
301317
301260
301373
688435
603135
301314
688531
601059
001278
601121
688307
603291
603153
001287
001314
001367
301378
603061
688484
688515
688522
688539
601133
301387
688433
301429
