300620
301183
300192
300394
300308
300502
688183
300678
688488
301205
300570
300757
600105
002418
603268
603322
603711
002852
002959
605009
603083
002881
002315
002792
603180
000921
002719
002316
603019
603508
688526
603356
605589
300499
301052
301396
002015
300448
300741
601595
603927
002122
300442
300406
000521
603163
300447
605300
300811
603063
000686
300418
688418
300302
300244
300624
300075
003031
300550
601138
300274
603208
603551
002644
300998
300913
601699
600280
002123
688205
300512
603613
300212
300654
601068
603578
603656
002120
688498
002582
300213
001255
300979
601900
605117
002511
300898
300548
300839
000983
600546
601601
688668
300364
301100
688213
002906
688670
601089
002089
601898
002261
000988
301363
301327
601628
600525
301085
002485
000571
002313
603603
300856
300846
301099
002867
002242
600804
002946
603038
603557
300657
002028
002858
688568
601000
301336
688390
002351
300139
603057
300709
300993
300268
688419
603992
300183
688313
603228
000977
300376
002281
601577
002757
688063
301059
002535
600501
300338
603219
600892
688662
603611
688258
002011
600462
600375
300284
000936
688511
603258
002343
600223
300997
002518
300673
002668
300379
603712
300476
300001
601058
603097
300892
300235
300693
301015
000525
603039
300567
300634
002085
000657
603833
300303
300504
603668
002427
001219
000034
001323
688676
300982
300965
002709
300767
301297
688475
600428
603317
300990
000938
003000
002820
601606
002027
600601
688348
001318
603220
002459
300002
601666
300799
300459
301165
000581
002345
300600
688032
000063
600007
600487
002444
002326
301018
688111
300547
002463
603035
300925
300638
002236
600563
600050
002891
688400
002756
600589
002021
600787
301009
688566
600839
300576
002760
000582
603118
601658
603803
601555
603730
000960
688041
301178
300073
601019
301013
300973
600863
300490
002446
301380
600176
000070
300461
002154
301231
600586
300633
002216
600971
600671
002072
002353
688295
300492
002980
002966
688379
601799
000937
600103
601186
600941
603655
300248
300229
688112
001301
002052
600398
600573
300554
300627
300196
600089
300120
002508
600459
001215
000910
603333
603777
002372
002324
002327
002293
300025
300802
600186
002230
688159
002812
600919
300921
002046
300109
600073
603867
300534
600654
300775
603368
002857
688121
300484
002378
002126
000333
600582
300068
600298
002428
000895
601963
301082
600717
601318
002005
300687
601319
603217
600498
601100
301286
000404
688669
300981
002417
603889
301042
000506
300226
002534
300762
688248
002292
603156
603628
000922
002519
603801
002150
002677
300593
600188
600745
600597
688609
600382
603629
603898
688158
600123
600962
600846
603968
600475
603587
301302
002552
300859
300700
688382
000885
600522
002003
000809
300788
603877
688387
300863
002837
605098
002436
000552
688778
300317
002846
000528
600336
600665
001222
601216
002649
600647
603008
600000
300890
603818
600729
688556
000586
603168
603518
300252
002311
601952
601336
002777
300895
300783
688679
601001
002886
603696
600395
002862
600212
603663
301122
003006
601518
601633
605089
600406
001332
002563
688335
000716
688025
601975
600983
688700
601869
603859
603215
600279
688410
002860
688359
300114
300316
300870
002871
300494
603170
600419
603037
300643
600895
600233
300487
600970
603899
603195
300738
000560
300170
600985
001322
600290
002186
600760
300763
000519
601101
002991
600629
002432
600476
002847
300360
605090
603176
002484
301006
601298
688681
600133
002919
601126
300119
002962
300766
600433
002232
603596
300261
002258
603991
688190
601225
002557
002546
000635
002270
601636
603369
301079
301256
600015
603886
000596
300015
600612
603421
600352
603920
001206
000739
002253
002335
300580
301191
603159
002317
300961
688630
000682
002572
688332
600305
300858
603385
601128
601360
603737
300345
002942
688597
002468
300246
301197
605228
002318
601288
000408
002043
600320
600576
600189
002631
603218
603071
000836
688197
688588
300621
002155
002697
600121
002982
000004
300650
002091
300166
300563
603345
002815
688071
601698
300266
002872
600605
600016
688388
600018
603067
002396
605088
002225
000800
601919
600397
002032
600872
002581
688661
600697
600036
002965
002785
002787
688196
603599
002595
601018
300426
605338
688182
000553
688336
002489
603393
002373
002580
688310
600790
002323
300577
688586
300713
688353
688138
605007
603095
600143
605138
002918
603171
605068
601997
000639
688069
603881
603323
601015
600429
002732
688314
688027
688789
300579
600761
603579
300501
688663
000498
002543
600967
603466
688399
600758
601168
301316
600303
300134
002716
603657
300575
000627
603298
000951
688223
605055
605339
002132
002460
603324
300516
300399
002466
300138
603918
601998
300313
600332
601003
605388
002453
002910
603950
000425
002803
002259
600757
603590
301298
300359
600508
603697
601088
601339
601229
300383
600685
002853
688022
300106
600882
600256
002833
603917
300414
002839
601187
600887
002796
688521
002321
002882
688707
000695
300873
000821
603198
603823
301209
002507
601801
600289
002585
002987
002029
603187
600577
603719
688296
300710
000726
002004
688501
688102
600600
002673
600039
002222
603661
603500
300769
300755
002937
688217
002497
002960
601528
002650
688082
600774
600345
688059
603311
002491
601965
300938
301268
300590
603027
603767
603288
601326
603185
605337
600746
603070
688084
002807
000060
688787
601012
300071
300005
002558
002567
603081
600403
002461
603261
603056
600330
002109
300724
002121
300474
601918
688599
002605
301278
600706
300452
603786
002706
300615
300712
002229
300527
300151
300443
300378
300129
301238
601390
301055
003012
688368
300815
002407
301168
600908
688165
688276
002570
600831
600583
605399
600854
688516
000887
600309
300933
300922
002012
601021
600386
000783
002374
688281
688819
002210
600363
688345
002911
300568
600319
002738
301263
000848
603313
601398
301257
600348
600273
603639
603660
603848
603866
002695
601198
301359
300835
002479
603365
603133
688309
603013
301012
002713
300532
002602
002495
002531
605136
000651
002616
603678
002661
601579
300438
300351
300690
300900
002517
301087
300262
603408
688228
301090
300036
001212
600312
600372
002560
002947
600726
300477
001205
600623
601665
300491
601328
600873
603979
002048
300080
002051
603773
300565
603238
002014
600633
600875
002922
601728
600997
603511
603113
300660
300915
603906
000677
600076
002702
002125
002958
300402
600966
600315
300991
003022
688062
300188
002653
300695
000558
688315
603698
603033
002559
605499
002536
002897
002142
600635
688613
002213
600884
605299
603555
603822
002818
002139
003030
000030
601928
603045
603042
600776
601818
601233
603489
300999
000513
002879
000157
002885
002115
605599
603336
605189
002237
000756
002217
600857
002192
000516
002755
603677
601098
301229
300339
000966
600719
601566
600775
601877
600132
603501
002177
601369
300697
300616
601921
600371
000697
300349
600928
605266
603630
603158
300160
601838
000728
000810
002190
600452
600481
601988
001218
688533
600616
300715
603332
600104
300908
603196
600446
002971
300066
605369
000001
300911
300852
601077
002112
600740
688023
300622
603703
605123
600198
603090
600084
688113
600598
688226
688028
300230
300827
600833
688800
601166
002913
300204
603565
600690
002169
600998
002291
300628
002956
600735
603076
300344
002158
300450
688322
603568
600368
002583
002984
600803
002384
605168
603237
601939
000415
300546
603659
002783
600436
600207
603529
601618
600231
605108
300521
600841
300761
600581
300785
000708
603165
301349
600548
600318
300629
603816
300840
002166
601009
000778
001209
300273
603676
688267
601169
600871
000973
688203
002759
000839
002950
603089
600461
002895
300495
000338
002471
000786
002410
601333
002445
301030
002193
600756
601615
002312
600038
300760
001979
688606
300937
688235
002440
600479
300069
600469
000158
600173
000066
688186
603533
603589
300510
002356
601866
600110
600160
301267
601860
002406
688349
603132
300659
300223
605179
603278
688058
600869
002194
300094
002620
002609
600337
603618
002776
002472
603366
300829
000507
688608
603496
600809
603648
600725
605286
601916
688118
600844
600078
603507
001227
600880
603025
600150
600300
300493
601228
002095
002045
600578
002951
603806
603477
688772
000733
300950
300174
002948
600059
600536
601933
002808
600547
000012
688177
300711
000997
001338
002060
600064
688261
300470
601139
300343
688579
600269
300498
600824
600519
003041
688088
000568
688087
300583
002240
002733
603216
300652
600035
000039
600182
000025
300750
605488
601888
601011
300409
600438
002319
002179
300749
688697
600072
600773
688698
601107
603026
300735
002280
002533
601108
601375
002795
002198
600738
688439
605376
000761
300706
603615
603681
600268
002093
600676
000056
300366
300559
300894
688089
002367
688006
000032
600153
002545
300125
600346
000785
002403
002515
603602
300589
300356
300525
002530
002250
600299
000912
600698
603577
603203
600249
000570
600660
603396
300855
688557
000782
603970
300702
001223
000045
600308
002056
300258
600517
002967
688151
002988
000720
688257
600850
603790
002674
603682
300143
603201
002863
603948
300147
002691
002467
002183
002986
688468
603086
688191
000950
001270
300685
300526
601825
301153
603610
600559
301195
688617
000565
603878
001872
600619
600851
300084
002227
002061
300214
002443
600778
600350
600829
600177
600426
000591
300692
301071
300017
002054
601717
603186
601607
000059
601872
002929
600917
300286
600750
605133
000019
300538
688513
603319
603689
603105
688278
002284
603868
600478
603209
603558
600679
603882
603605
300718
300381
000401
002790
300265
000877
600241
301335
605151
605268
300887
600323
603128
002734
603515
002829
605377
000906
600158
300958
603967
300136
002601
688311
301004
600081
600060
600513
600097
600990
300275
301117
603330
688007
000858
600580
300118
601163
600835
605289
300696
601702
688148
688360
688129
603355
605208
603331
300087
301109
002643
603619
002841
301331
603192
003028
002979
601966
688288
600197
002970
301119
301128
688266
688031
688500
603517
300964
301031
688066
688677
688660
688538
688207
688067
688039
605555
605183
605080
605077
605008
603996
603766
603700
603567
603516
603389
603221
603183
603157
603040
603001
601996
601989
601880
601868
601816
601766
601588
601558
601299
601268
601258
601222
601212
601005
600978
600901
600896
600891
600890
600881
600879
600870
600856
600832
600827
600806
600798
600792
600789
600747
600724
600723
600708
600704
600701
600695
600687
600680
600677
600657
600656
600652
600634
600614
600611
600572
600558
600555
600527
600485
600477
600432
600409
600408
600401
600390
600385
600383
600369
600333
600327
600317
600311
600291
600275
600270
600260
600253
600247
600240
600239
600219
600213
600209
600180
600175
600162
600157
600146
600145
600139
600120
600115
600093
600091
600090
600087
600086
600085
600074
600069
600068
600033
600020
600017
600005
301312
301155
300771
300631
300431
300423
300390
300388
300372
300367
300362
300330
300325
300312
300309
300216
300202
300201
300197
300194
300186
300178
300175
300156
300135
300111
300108
300104
300090
300064
300056
300038
300028
300023
300016
003027
002936
002917
002905
002887
002880
002793
002770
002765
002711
002690
002684
002680
002665
002619
002618
002604
002528
002509
002505
002500
002499
002486
002482
002477
002473
002464
002450
002447
002391
002359
002320
002266
002260
002223
002220
002219
002211
002187
002162
002160
002147
002143
002131
002128
002105
002086
002071
002070
002069
002018
002013
000995
000979
000958
000949
000939
000927
000916
000881
000835
000780
000766
000760
000750
000748
000711
000693
000687
000673
000662
000630
000613
000611
000602
000600
000594
000587
000585
000562
000559
000527
000522
000511
000502
000422
000421
000418
000090
000088
000036
000033
000024
000018
000005
301047
002352
688420
301270
002978
601865
688156
301106
002866
600845
688366
300698
002779
001234
600779
000049
300916
300867
605198
603233
603301
600388
688260
301057
600741
600265
002645
605005
688779
002039
603799
605155
603757
301306
300432
603997
600238
603667
301356
301177
000777
300053
002637
603556
600458
600886
605099
002539
301029
002144
600267
600768
605222
688680
603112
300231
688293
603600
000828
000688
600837
300342
600109
603003
003018
002001
603569
002939
300838
688106
000990
002817
002746
002576
605333
600737
002556
600801
002274
688408
600810
003011
601006
603367
300393
601827
600480
000655
000628
000400
600893
002408
600674
002040
688229
600500
600710
002208
605016
002452
605368
605001
603348
603566
301171
688053
688776
688065
600885
000539
601811
603665
600283
688317
301333
600668
600855
600062
000567
600570
000661
600662
603060
603506
600168
002041
688665
002357
002972
002597
600361
300040
688166
002626
300217
605259
002672
301110
600031
603225
000501
002594
601155
002481
601127
002400
000792
605378
603260
688667
002648
601158
000557
603896
002030
600163
603235
601788
600900
000002
002737
601117
600650
001236
300910
600535
002985
301391
600257
688350
300587
002200
002019
002366
600543
001208
600818
600618
002623
000572
603458
002063
603586
600826
600876
605003
001331
002739
300901
002700
600961
300396
001313
301150
603787
001213
603980
300168
001300
603392
002273
603535
688187
000166
002920
605056
300050
600888
600681
002758
600805
601567
688050
600030
300110
000869
300310
300776
300243
600277
002916
600935
600731
002074
600099
600615
002996
000731
002938
300578
002849
301101
600693
600649
002376
002888
600495
600828
600712
601022
002692
601500
688503
688272
002099
600716
300098
603151
601156
002267
300292
300847
002191
603808
001231
002768
300181
002304
000762
002053
603232
000668
300729
600329
002763
688139
600862
002798
002469
600585
600533
688327
002383
600026
603121
601949
600549
300520
605018
603255
600595
002303
600959
601609
605500
603223
002990
002686
688220
603588
002608
603699
002809
002729
301206
002782
603129
600366
603888
605050
603900
603079
300457
300294
603903
603993
600028
603053
600108
000659
601800
301105
000898
300415
300256
688330
688303
603713
300942
600820
000920
000886
603958
600008
603010
600977
603272
001965
600874
002010
688009
688208
603838
603680
603300
000518
600551
688153
300421
688013
600170
000517
601568
000620
002124
002838
300153
002431
002614
300121
300370
000608
301077
600148
600694
688057
002289
600643
601099
000534
000541
300877
600796
000301
301024
603995
002705
600864
603378
600439
000488
600663
002655
000598
603226
300801
603206
301127
603693
002423
605011
688536
600736
002592
002176
600909
600127
603050
600467
603327
002360
300599
300625
600575
301223
002541
601992
001296
300416
002752
600645
300382
002714
002802
601200
300021
600376
000933
603959
600811
688073
600608
002526
600155
600963
688370
301219
000417
001896
002843
603488
300793
600488
300885
002290
600539
600116
600720
000897
688301
000729
301163
600682
002370
002348
000963
688160
605186
600537
300079
002365
600225
002496
603788
001308
300953
300203
300445
301116
002108
605577
000725
000652
600271
002831
603617
002168
001201
601929
600540
002153
000619
300813
600569
600063
300482
002723
600449
603009
000861
002926
002420
002075
300699
600812
002421
601066
600617
600609
600128
000595
688565
002498
688005
300044
605128
600926
301289
300271
600822
002334
000993
600661
002884
301045
603103
301313
002310
002588
603607
603817
300737
000959
605033
600100
688184
600080
002026
688320
300440
000429
603130
300332
001210
600282
002149
600006
000758
002538
300130
600686
603155
002801
001914
600455
688256
605081
688075
603836
603315
603229
601211
688253
301216
002629
600565
600651
002908
002788
002202
300434
000509
002669
600196
002575
603759
603978
300429
003021
603826
600191
301152
605069
603530
600905
002017
300772
300773
002475
002775
601311
600135
002064
002038
600211
000875
600201
600653
600083
300272
002651
605277
601208
600848
603976
600916
300259
000981
002715
000723
300806
000685
600999
300059
600763
603337
000893
300403
600648
300321
002088
301102
603101
600620
002927
600894
603329
000700
600780
002749
002455
605366
600688
002574
688070
301041
600858
603601
600216
600927
002548
301276
603320
300529
601137
300617
300655
000791
002386
600377
300003
000538
002140
002073
600009
000899
002747
300369
603725
002067
002184
300888
688125
000555
601678
600626
600489
301001
002611
000702
002590
002662
000830
000531
603303
605162
600743
301328
300978
001258
603505
002265
301019
002641
300159
000980
301076
601106
300463
300929
603326
600722
600510
002584
301190
300648
600691
002016
300886
601882
002935
002148
601279
600516
600307
300116
000923
002252
300947
688331
603041
600979
002228
301005
002129
002344
603897
002701
001696
002233
605566
600664
002404
002195
001259
603239
002201
600505
000671
300862
688373
600215
002836
600622
301000
688289
688155
300163
600929
000807
603969
603020
600683
300907
600379
300865
300397
000712
605166
002728
603949
002042
601718
600640
002901
688499
300740
300866
688076
300067
002687
002175
000510
002100
603102
600639
601878
300051
300597
600310
300983
300727
600167
002797
000625
601162
600606
003816
601881
300853
002678
688192
605188
603926
002340
002092
000550
600733
600152
002550
000825
000799
002907
600248
300591
000908
002080
688363
002078
601990
002457
000100
002300
002394
600370
300422
003010
300187
002206
002087
300906
301043
601857
000597
000011
002203
300100
002385
300024
601515
600883
600061
300610
002955
601901
600996
300298
688590
600278
600058
300218
688520
603002
600156
002523
603612
603085
300257
601956
605580
000829
601968
603227
600982
003023
600868
605196
600545
600506
603012
300884
603636
002573
601958
600673
301235
002020
002736
603230
000096
600744
300190
600819
600503
002610
002296
301227
603685
600210
300569
603150
600251
000717
300849
601231
688178
600149
002136
003017
600765
600802
002973
002255
300122
301023
002462
301367
001269
600965
300688
600523
601366
600276
301053
603390
688098
300807
002488
000616
603383
600232
301149
002448
603839
300517
002361
603707
300481
603359
600354
300427
601700
600956
300618
300401
000690
600751
600387
600252
000533
600235
002664
300823
002718
601218
000678
300994
002771
300651
601368
301217
001317
301185
000031
600202
300465
600528
301103
601016
603022
688136
301277
603989
603606
605305
600491
603585
600561
000589
603937
600353
600096
600531
001267
000027
600055
002642
000976
300875
002510
002562
301196
002034
603179
600122
300425
600184
301186
000026
600843
600172
001333
002287
301108
600444
300211
301161
000880
600218
000089
600098
603078
600718
002685
301366
603051
600234
688616
600220
002127
000007
301035
600816
002110
301201
600784
300819
300185
601686
000629
002049
601696
688199
600169
600834
002422
600470
600435
002811
000970
600051
603197
000929
002830
002993
002429
600222
600748
002635
301008
002350
002791
300207
000903
000850
000816
688448
600995
600456
600692
002113
000410
002214
601777
600483
600529
603990
600566
000722
600567
000892
300612
003029
300919
600284
300608
300247
000636
000048
002392
000709
000548
601890
600025
300146
600171
300182
300032
600644
002725
002915
301050
601118
300968
000159
601002
300091
601727
301003
601616
600019
002487
002050
605336
002389
688337
600702
000666
002180
600313
600396
300439
601226
300636
600400
300475
002607
600562
300047
688162
000957
688247
600021
603111
600292
301309
600054
600190
000707
301288
300117
688687
601598
000859
003016
000753
600797
000930
601111
688021
600638
601858
000551
600114
000698
688231
603115
300267
000419
600468
603583
300315
300681
301330
301095
300637
000423
600410
002412
601611
002068
601399
601330
600530
300070
300063
002133
001229
688308
000935
300011
002279
605158
605100
002238
301199
603901
603916
002998
000523
002081
600297
002731
002209
603279
605006
600721
600423
002848
603214
000563
600988
000676
301226
301080
000037
002157
002025
603658
603669
301136
600362
605507
688685
600807
002981
000926
688658
002415
002057
688682
601798
300789
003043
301007
300732
000967
300408
002398
000767
002362
600048
002082
002024
300808
603043
003019
688201
002683
600111
600969
688510
600131
300988
601188
600518
300179
000900
603131
301092
600067
600624
600714
002114
603116
002097
600482
301248
600526
002249
001256
600119
003037
000876
605122
300518
300263
300180
300939
603887
600781
600359
002832
000851
001230
300611
002492
603716
301098
688656
002328
002968
002506
600728
000006
603955
300598
603211
600550
300433
600217
300670
002282
603538
600208
300193
300013
002035
603139
301115
002529
600125
605287
002606
300833
601808
301025
603687
600266
002397
603809
002044
688060
002465
002254
603810
300850
300828
688163
603122
603519
300553
603688
600106
603358
000795
000623
603178
000692
003009
000155
300653
688377
600056
000055
600288
600973
002579
002382
603077
688505
300966
002152
600448
600795
300398
301215
300224
601669
002708
603733
603286
002589
603456
600227
301200
002381
000062
300640
300289
000738
301107
300234
002395
600032
603706
002555
600865
603213
002542
688219
600356
002480
000153
600075
000972
000932
603797
600010
002377
002726
002285
688270
300860
000669
003008
603439
300043
300335
600993
002824
000759
300751
603987
300564
002399
688333
603200
600889
605255
300596
300683
600497
603363
600512
300145
300004
600933
600628
300603
600825
600764
300821
002325
000680
600675
002409
603189
002899
002943
603399
300642
300733
300222
688398
301069
601113
600141
000537
002767
300255
002565
600727
688722
002822
600161
002263
003036
300869
603167
000968
300105
300558
002561
600391
003003
002696
300198
002925
601688
002094
002062
600906
300798
688302
300172
600351
300107
002002
601886
002234
301135
603318
300992
600178
300304
002941
300340
002878
301175
300514
002393
300144
000755
000029
600579
600230
002286
300541
300707
002065
000505
002875
300834
605028
603728
000819
600118
600229
300679
600281
301113
002299
603267
600415
301089
600187
600101
688211
301166
601999
600137
002932
301067
600293
688280
300641
000985
605298
300132
002630
688269
301160
000883
300883
600221
002277
002269
002727
601069
000691
600630
603856
002600
001330
000919
000735
300774
300479
002568
603815
300923
605066
002414
002218
002058
300386
300851
002694
000605
300428
002688
002204
603387
002008
688221
000823
603929
002774
688105
600715
002256
688428
002419
300674
002551
002314
603006
688316
603679
688002
000544
300041
688077
600259
000042
600568
600261
000078
601969
603181
000514
600126
605296
300137
300682
000520
002961
002022
000009
603595
300324
300049
300960
603843
300322
300456
300736
603739
002578
000504
300656
688114
002999
002413
002298
300566
300318
000156
601668
603776
600678
601908
600338
300305
688559
002658
002622
002215
600767
000409
301379
300899
600183
603988
601599
600166
002349
300199
600590
000035
000833
000612
600340
603316
300131
601020
300781
002873
688110
001266
600621
002454
688683
600022
300854
002613
603016
600642
600129
603266
688119
000820
603690
003040
002103
002305
688585
301234
600847
001298
300519
002537
600082
603256
600939
002297
600732
002949
688376
002023
002743
300745
002772
301111
002031
603309
300825
300010
600975
600918
300142
002196
688101
000953
688290
300932
688529
002540
300480
301036
002283
000868
000718
000663
000811
601136
600794
300062
000407
000948
600511
688401
605178
600380
002244
688115
002969
300152
002599
603633
600730
601985
002598
688268
301126
603398
600699
600295
688133
688777
600107
603212
603939
002182
600610
300184
000564
002898
600830
000705
300677
300161
600739
002930
300920
603166
001319
300008
002689
300720
600734
002856
000913
688010
300684
000014
002992
600603
603055
601600
600538
002135
688737
301072
603305
300467
300387
301285
003005
603811
300903
600521
603182
000815
688130
300639
300227
600823
301189
300722
600502
603609
002646
000878
000751
002703
688358
002332
002426
300466
000812
600791
600684
300676
603999
002636
603709
300037
301398
301290
000532
601236
000050
300812
688185
002721
688739
300473
002842
600195
301156
600113
300288
300419
300980
301211
600053
002813
603718
000545
603876
300876
300352
605365
002036
000599
000719
300592
300836
000931
000633
300283
601377
300458
300664
002329
002819
688046
300530
300355
601619
688193
300663
002231
300154
300086
000917
300446
300329
300314
002823
601828
688287
300893
300555
300848
002750
003033
301311
300957
301118
002375
300385
300478
300708
300412
000797
000601
301125
600515
002989
603123
688375
603936
603269
300984
002504
002170
300054
000626
600602
301301
001228
301318
000826
603726
301148
003042
300845
002569
603919
301037
603638
301151
000530
688179
002909
600696
002596
600613
603031
300959
002667
600592
300405
688180
688122
300842
300943
301061
000672
300341
000411
600037
300902
000566
301130
600185
000607
600004
300449
688143
002262
300437
688509
301283
002165
000576
300468
688356
300889
600557
600193
300843
000554
300946
001288
000796
688262
300400
300471
600989
300009
002275
002615
002181
600821
002207
002549
601677
300158
688161
300413
002586
300810
600637
300346
002494
603000
603912
600272
600077
002401
605218
001217
688016
003013
603380
603093
300189
300507
600029
300240
000061
300505
300157
000573
002639
300522
000099
300395
688108
600666
300820
688033
300404
003025
300014
002520
603036
603580
603528
301188
002900
603058
300717
300326
002769
301032
002441
300694
002675
000413
605398
300963
300236
300528
603527
688386
002612
002047
300488
002435
002247
600587
002825
002671
002670
300601
605588
002940
002379
000888
000403
300239
600689
688312
002628
000547
300509
002474
600421
603222
603351
600399
002876
002773
002146
000918
603099
301228
603779
002789
002173
002164
688188
300140
002308
601028
300662
300486
600785
000503
002828
000590
002339
600571
300128
600358
002735
300536
688621
688300
002633
301081
300095
301176
002264
688030
600243
300705
688017
002212
300127
603626
300753
300375
002470
688128
000790
601456
688091
002424
300045
002835
002306
000856
300987
001283
300411
300101
000021
603879
300955
300210
301027
002430
301075
002566
301282
600088
603559
000667
688636
300743
300022
600800
301299
002593
603353
603890
601519
300787
688381
300830
605303
688305
002587
001216
002387
301236
603106
300585
002066
000524
300420
002890
000670
301158
603922
002877
600331
603789
300337
300099
002355
688169
300557
603982
300030
002865
002816
600705
300435
603236
002221
603863
002826
002983
688176
603377
688078
600206
300165
300205
300485
002442
002346
002864
002331
688048
002963
600771
300311
601512
002627
000962
300078
688275
002693
300496
603088
300293
600392
000965
300841
605086
002107
688699
300605
688081
000679
002933
301167
300164
688577
000665
603388
002006
688321
002870
600980
688496
300837
688456
300264
002104
300535
603883
002189
300407
002923
301207
301361
000982
688045
000023
300006
002681
000727
688051
688767
605167
603386
300572
002171
301048
688092
300691
600783
301028
003020
002059
300770
300453
688768
300809
300777
002388
002416
600130
300173
300253
688008
300391
600425
002640
301033
002976
688195
002347
000058
002921
600509
002307
300948
688696
688567
300989
000020
300149
301139
000632
688225
300896
301237
000681
002786
300619
600052
300251
605116
002178
000593
002624
002625
603321
300046
603360
300483
600237
002098
300296
688011
002554
600641
605567
600199
002055
600877
002953
301321
300350
002117
300374
605058
688553
300976
002161
300759
300436
688519
003004
002532
301220
300039
605358
002493
300905
601991
688466
002288
600367
600378
002185
603299
603136
002235
001203
300291
300233
300726
688116
603608
300511
300441
300237
002660
688052
601116
002337
300454
300058
603379
300225
002868
603828
000788
301181
002371
002330
688238
002336
300721
300975
301051
300614
300057
600250
600667
603486
300595
002476
688227
300748
300739
300701
002483
002272
688396
300245
002111
002952
300542
600246
688215
300061
301198
600302
688246
002762
002295
002659
002503
000151
601086
002883
002806
000837
301259
600604
002009
001309
002652
002490
002268
688020
301022
301255
002977
000638
688633
300171
603722
002141
300607
300276
301233
688392
003035
603616
002358
300635
002145
603011
300277
688367
600226
300797
688055
000860
600836
688086
688561
301389
600960
002997
002521
600992
300072
600416
603018
002197
000961
603029
300549
300537
300141
300368
301192
605598
688578
301258
002278
000046
300779
002188
300034
300363
002524
300928
603960
600393
301368
301218
300586
002369
600814
300228
001299
002632
603778
688056
000603
002778
301300
688277
002130
300208
603191
603928
000736
300584
603126
300822
605020
300531
300472
002855
301073
300295
300818
688297
603160
000801
300872
002333
002248
601179
688551
002243
603289
600023
300533
603306
600986
002634
603800
300357
603028
002859
688109
002364
300167
300791
688689
300868
688728
300513
603798
603059
300377
300097
000969
000040
000016
000955
300665
603297
688237
600070
603893
300281
688371
603188
688026
300200
002603
688172
688100
600754
600958
600936
300758
002118
300881
600418
300805
000757
301002
002748
688480
002799
300320
301265
300169
688690
301133
603986
688127
000701
600360
601608
300626
300133
002912
002892
300508
300191
300254
603280
300703
600262
002564
001226
688686
002163
603308
002322
002116
003007
300756
002730
000737
002741
688528
301377
688393
002513
688403
003026
300790
603768
000010
002405
600898
002512
300971
600860
301182
003002
300918
600027
300074
688718
000798
300123
300033
002638
688212
603109
688659
603727
300052
688198
603048
600861
603277
300956
002341
688319
301120
000428
301088
000017
300719
002647
301137
300082
688271
002294
301180
600151
300969
300219
603429
603161
002302
600335
600552
600466
300238
600460
601789
300148
300410
000592
300768
688596
300986
000536
002402
300667
688409
603755
002119
002380
688625
300824
002501
300649
605111
002845
002425
603017
600584
300562
600200
300543
688622
300328
000901
688265
000813
001207
300949
300952
300962
600057
300269
300055
688189
301063
688455
688351
300746
600593
603598
603721
300323
002138
300515
002090
300880
002172
688459
002861
688234
603915
300780
600255
688385
688036
002717
301026
002451
300602
300786
300814
300606
603199
301123
603108
603290
600658
002800
002995
688323
002889
002033
002975
300455
603869
300940
301365
300300
600306
601007
688097
002928
002527
300857
688236
301010
300552
002761
600365
000068
688607
688518
002840
603666
301096
300102
000776
688425
600867
300680
688793
605288
603023
300327
688395
300551
600138
300500
301020
000656
688357
300215
688233
603662
300832
688061
600749
688369
600707
688338
688173
300430
002309
301021
300545
000793
301273
600343
002945
688126
301338
000584
301266
301279
300795
600938
300307
688306
000998
603005
002276
688239
600373
300609
001268
002502
002805
300672
603357
300891
300945
688218
300816
300012
301039
603069
688095
603536
688328
688107
002106
300803
300831
601689
300931
603169
688786
605177
300042
002682
002134
300716
002577
002547
301326
301097
000752
605319
301339
300675
300588
301066
300301
301159
688711
300113
688580
601778
688132
605118
688181
300348
300384
002821
301187
000978
688206
301269
688015
002037
300270
300347
688251
688733
603758
000430
603729
688047
688291
002199
000028
688378
000802
002456
002553
000831
600192
688365
600066
002076
600325
603520
300020
688550
300941
300358
002354
603966
300936
688517
688103
688080
001336
002137
603829
600636
300613
300725
000546
300792
600381
600703
688252
603637
002850
603007
301169
000703
300103
688788
301222
603985
300085
300489
603885
300126
688598
600493
001238
300176
300539
002869
300782
002571
603895
688003
000609
300669
002151
605389
300800
300162
000615
002077
300996
688001
300155
300730
300354
688600
300206
000715
300250
688766
300007
600496
688569
688141
688329
002514
688626
688072
688004
300150
688259
002438
300076
003039
300331
688019
002663
301132
688326
600782
000713
603650
300241
300242
688595
301040
003001
002096
300686
002449
002246
603871
688018
603030
301162
603701
603931
300497
000852
300582
300985
300336
688230
300280
300177
688555
301280
688981
300333
605258
600599
688558
688232
300299
300451
688798
000975
688655
600422
300195
301131
600897
301062
603127
300581
688049
002751
603956
600556
688135
688168
000561
688432
300671
002707
300278
300462
600095
300319
688508
300077
688209
300503
002159
000426
603717
000928
688286
300380
603177
600011
300826
688601
688175
603328
301093
688150
300560
600071
688619
300464
688355
688012
300742
300065
300373
688167
000543
605199
300689
603068
300951
688628
688099
688380
300930
688079
000038
300279
688416
603110
300927
301083
300844
600203
000989
300287
002245
300666
603825
300632
603100
301016
603335
688383
002722
688216
600766
688131
002766
600968
000863
300029
300124
300661
002724
300249
002656
300540
688299
002903
300083
600079
603738
600815
300221
000622
002902
688325
688170
600339
002617
688639
003032
603338
000540
002156
301091
301038
300469
002740
603015
300556
300081
300561
688035
002390
000818
300909
688210
600242
600520
300365
688273
300096
301212
300882
002433
688285
688222
300260
300752
300644
600770
688426
688391
300912
603933
603444
300796
002896
000732
002102
600165
000721
002251
301179
300306
300604
688038
688255
600301
002742
300623
000683
000606
300879
300645
600759
301078
002827
688117
301239
600777
000806
300747
600853
600112
600859
688372
600012
300285
301112
300334
688489
689009
002781
002699
688618
600136
300630
300723
002411
600532
600755
300092
000150
000889
300027
002657
300668
600228
000617
603860
301058
301070
600285
300935
300232
600420
688589
000610
300460
000710
002780
688525
603259
603855
301369
688083
688389
688200
688123
603998
300048
603938
600258
002083
600560
600817
301049
688171
688152
688093
300392
002654
600389
688339
301221
688279
688202
600405
603283
688283
300765
301319
301129
300290
603066
301060
000065
002712
688244
688147
688318
300897
688362
002205
300089
300778
002745
300972
300878
002458
300389
600984
300506
002079
688157
300297
000779
603138
000416
600976
002241
688292
600326
300995
300112
000911
688799
000650
300864
600094
300970
605180
688120
301046
600711
002478
301138
600808
688701
600742
601899
001211
002007
688096
301065
600987
600713
002522
000402
600316
000069
603861
300523
600955
603908
603339
603819
600793
600499
002368
603858
605318
000803
601238
300115
603098
300731
002084
605060
000768
600655
300658
600903
600322
301230
600507
603977
603096
600236
603813
301296
001339
002363
301388
688575
600321
000952
605169
600117
601995
600769
688298
600486
300353
600981
600159
002544
002271
688560
600866
300018
002698
601010
002167
600588
600594
301086
000987
603416
600463
688678
688068
600328
000789
001316
603021
600838
300871
603880
300019
688571
003038
300926
600596
301056
301308
002621
002516
000822
301121
002851
002666
000526
300444
603708
002679
603080
688137
300861
600753
300967
002239
002226
000915
000631
000996
301011
000882
300093
300417
600355
002753
603686
603683
000999
301068
601177
000902
000008
000529
603909
601038
300573
301017
000905
000637
603052
002437
301193
603032
002439
300088
603963
000890
000925
001289
300917
300035
300817
301208
002810
600287
000838
002893
002342
002338
000862
301213
601199
300647
688029
002591
688090
300424
600490
688282
601008
603499
000420
601388
001202
300209
300594
002434
002301
002676
300571
603087
300282
300026
300031
600179
002101
603983
688085
000909
688611
300371
002224
000971
002174
002957
688037
300220
002931
300977
003015
603117
000001
000300
399001
399005
399006
000905
